                                      TheWitcher3                                      CDProjektRed                                         CDProjekt 1  1 10 19-05-2015 02-09-2017 05-04-2026 1400_11_08  52.30  29.99 1 1 1 1 0 1 1 0 0 0 0 0 1 0 0 0 0 1 0
                               RedDeadRedemption2                                     RockstarGames                                          Rockstar 1  2 10 26-10-2018 18-12-2019 04-04-2026 0820_27_31 150.00  59.99 1 1 1 1 0 1 1 0 0 0 0 0 1 0 0 0 1 0 0
                                        Minecraft                                     MojangStudios                                            Mojang 1  3 10 18-11-2011 14-02-2015 05-04-2026 3500_22_14  12.75  29.99 1 1 0 0 1 0 1 0 0 0 0 1 0 0 0 0 1 0 0
                                     HollowKnight                                        TeamCherry                                        TeamCherry 1  4 10 24-02-2017 13-06-2018 02-04-2026 0950_44_00   8.90  14.99 1 1 0 1 0 1 0 1 0 0 0 0 0 1 0 0 0 0 0
                                    Cyberpunk2077                                      CDProjektRed                                         CDProjekt 1  5  8 10-12-2020 15-01-2021 05-04-2026 0210_25_44  70.20  59.99 1 0 1 1 0 1 1 0 0 0 0 1 0 1 0 0 0 0 0
                                            Hades                                   SupergiantGames                                        Supergiant 1  6 10 17-09-2020 01-10-2020 04-04-2026 0180_50_09  15.00  24.99 1 1 0 1 0 1 0 1 0 0 0 0 0 0 1 0 0 0 0
                                             GTA5                                     RockstarNorth                                          Rockstar 0  7  8 17-09-2013 21-05-2016 05-04-2026 2000_10_15 110.00  29.99 1 0 1 0 0 1 1 0 0 1 0 0 0 0 0 1 0 1 0
                                         Terraria                                           ReLogic                                           ReLogic 1  8  9 16-05-2011 08-07-2016 01-04-2026 1200_15_48   0.40   9.99 1 1 0 0 1 0 1 0 0 1 0 0 0 0 0 1 0 0 0
                                      DoomEternal                                        idSoftware                                          Bethesda 0  9  9 20-03-2020 12-04-2020 28-03-2026 0325_17_55  88.00  39.99 1 0 1 0 0 1 1 1 0 0 0 0 0 0 0 1 0 0 0
                                         Valorant                                         RiotGames                                              Riot 0 10  7 02-06-2020 12-11-2021 06-04-2026 0750_33_20  28.00   0.00 1 0 0 0 0 0 1 0 0 1 0 0 0 0 0 0 0 1 0
                                    StardewValley                                      ConcernedApe                                      ConcernedApe 0 11 10 26-02-2016 10-08-2020 03-04-2026 0850_40_10   0.50  13.99 0 1 0 0 1 0 0 0 1 0 0 0 0 0 1 0 0 0 0
                                          Celeste                                    MattMakesGames                                       ExtremelyOK 0 12  9 25-01-2018 01-03-2019 02-04-2026 0060_45_12   1.20  19.99 1 1 0 0 1 0 0 1 0 0 0 0 0 1 0 0 0 0 0
                                        EldenRing                                      FromSoftware                                       BandaiNamco 1 13 10 25-02-2022 10-03-2022 05-04-2026 0450_20_33  60.00  59.99 1 1 1 1 0 1 0 1 0 0 0 0 1 0 0 0 1 0 0
                                     DarkSoulsIII                                      FromSoftware                                       BandaiNamco 0 14 10 12-04-2016 01-06-2017 04-04-2026 0600_10_10  25.00  39.99 1 1 1 0 1 0 1 0 0 0 0 1 0 0 0 1 0 0 0
                                           Sekiro                                      FromSoftware                                        Activision 0 15 10 22-03-2019 15-04-2019 03-04-2026 0350_30_25  15.50  49.99 1 0 1 1 0 1 0 1 0 0 0 0 1 0 0 0 1 0 0
                            AssassinCreedValhalla                                           Ubisoft                                           Ubisoft 1 16  8 10-11-2020 20-12-2020 05-04-2026 0800_55_40 120.00  59.99 1 0 1 0 0 1 1 0 0 1 0 0 0 1 0 0 0 0 1
                                     BattlefieldV                                              DICE                                                EA 0 17  7 20-11-2018 15-01-2019 04-04-2026 0600_40_22  90.00  29.99 1 0 1 0 0 1 1 0 0 1 0 0 0 0 1 0 0 0 1
                                         Fortnite                                         EpicGames                                         EpicGames 0 18  9 25-07-2017 10-09-2018 05-04-2026 3000_12_00  45.00   0.00 1 0 0 1 0 0 1 1 0 0 0 0 0 1 0 0 0 1 0
                                      ApexLegends                                           Respawn                                                EA 0 19  9 04-02-2019 10-03-2019 05-04-2026 1500_20_10  60.00   0.00 1 0 0 0 0 1 1 0 0 1 0 0 0 0 0 1 0 0 1
                                  LeagueOfLegends                                         RiotGames                                              Riot 0 20  9 27-10-2009 10-02-2015 05-04-2026 5000_00_00  30.00   0.00 1 0 0 1 0 0 1 0 0 1 0 0 0 1 0 0 0 1 0
                                            Dota2                                             Valve                                             Valve 0 21  9 09-07-2013 15-09-2016 05-04-2026 4200_10_05  15.00   0.00 1 0 1 0 0 1 1 0 0 0 1 0 0 0 1 0 0 1 0
                                       Overwatch2                                          Blizzard                                          Blizzard 0 22  8 04-10-2022 10-11-2022 05-04-2026 0200_25_10  50.00   0.00 1 0 0 0 0 1 1 0 0 1 0 0 0 1 0 0 0 0 1
                                         GodOfWar                                       SantaMonica                                              Sony 1 23 10 20-04-2018 10-05-2019 04-04-2026 0550_40_30  45.00  49.99 1 1 1 0 1 0 0 1 0 0 0 1 0 0 0 1 0 0 0
                            SpiderManMilesMorales                                    InsomniacGames                                              Sony 1 24  9 12-11-2020 20-12-2020 05-04-2026 0300_15_20  40.00  49.99 1 1 0 0 1 0 1 0 0 1 0 0 0 0 1 0 0 0 1
                                  HorizonZeroDawn                                         Guerrilla                                              Sony 0 25  9 28-02-2017 10-04-2018 04-04-2026 0700_50_40  60.00  39.99 1 0 1 0 0 1 1 0 0 1 0 0 0 1 0 0 0 0 1
                              ResidentEvil4Remake                                            Capcom                                            Capcom 1 26 10 24-03-2023 10-04-2023 05-04-2026 0250_30_15  55.00  59.99 1 1 1 1 0 1 0 1 0 0 0 1 0 0 0 1 0 0 0
                                          Portal2                                             Valve                                             Valve 0 27 10 19-04-2011 10-06-2014 05-04-2026 0150_10_05   8.00   9.99 1 1 0 0 1 0 0 1 0 0 0 0 0 1 0 0 0 1 0
                                        HalfLife2                                             Valve                                             Valve 0 28 10 16-11-2004 10-03-2012 05-04-2026 0400_20_10   4.50   9.99 1 1 0 0 1 0 0 1 0 0 0 0 0 1 0 0 0 1 0
                                        Starfield                                          Bethesda                                          Bethesda 0 29  7 06-09-2023 10-10-2023 05-04-2026 0900_45_30 125.00  69.99 1 0 1 0 0 1 1 0 0 1 0 0 0 0 1 0 0 1 0
                                     BaldursGate3                                     LarianStudios                                            Larian 1 30 10 03-08-2023 10-09-2023 05-04-2026 1200_30_20 150.00  59.99 1 1 1 1 0 1 0 1 0 0 0 1 0 1 0 0 0 1 0